26000
05000
11000
09000
62000
88000
39000
76000
27000
94000
45000
37000
82000
33000
51000
68000
19000
16000
56000
44000
87000
50000
01000
48000
36000
84000
42000
72000
49000
90000
07000
55000
43000
61000
29000
91000
47000
77000
35000
65000
83000
71000
58000
54000
63000
15000
28000
03000
64000
74000
25000
70000
22000
31000
10000
57000
08000
14000
93000
02000
81000
32000
79000
67000
85000
73000
24000
59000
21000
38000
30000
86000
92000
80000
78000
53000
66000
41000
18000
06000
23000
12000
89000
60000
95000
46000
04000
34000
52000
40000
17000